fre 7612 220 101 179 179
fre 7748 220 110 179 179
fre 7204 228 84 179 179
fre 7892 236 124 179 179
fre 7060 260 84 179 179
fre 7356 276 110 179 179
fre 7444 260 110 179 179
fre 7828 316 119 179 179
fre 7196 340 82 179 179
fre 7284 332 84 179 179
fre 7532 332 119 179 179
fre 7676 332 119 179 179
fre 7116 356 84 179 179
fre 7444 388 99 179 179
fre 7988 404 84 179 179
fre 7004 444 250 179 179
fre 7308 444 82 179 179
fre 7812 420 120 179 179
fre 7148 460 82 179 179
fre 7676 476 83 179 179
tree 7736 456 112 0 179
fre 7220 508 84 179 179
fre 7572 500 88 179 179
fre 8020 484 121 179 179
fre 7084 524 82 179 179
fre 7380 516 83 179 179
fre 7900 532 83 179 179
fre 7284 580 250 179 179
tree 7656 600 112 0 179
tree 7640 632 48 0 179
fre 7820 620 82 179 179
fre 7004 652 83 179 179
fre 7164 644 83 179 179
fre 7500 652 121 179 179
fre 7612 652 83 179 179
fre 8004 652 121 179 179
fre 7292 700 250 179 179
fre 7148 764 82 179 179
fre 7380 748 110 179 179
fre 7484 740 251 179 179
fre 7828 764 99 179 179
fre 7940 740 100 179 179
fre 7044 828 84 179 179
fre 7956 820 121 179 179
fre 7244 860 84 179 179
fre 7652 836 250 179 179
fre 7740 860 110 179 179
fre 8036 852 121 179 179
fre 7444 876 88 179 179
fre 7364 908 87 179 179
fre 7564 908 88 179 179
tree 7768 904 109 0 179
fre 7836 900 108 179 179
fre 7108 932 83 179 179
tree 7720 952 113 0 179
fre 7956 956 101 179 179
fre 8028 940 121 179 179
fre 7028 972 84 179 179
tree 7624 984 109 0 179
fre 7276 1020 83 179 179
fre 7740 996 84 179 179
fre 7892 1020 105 179 179
fre 7508 1044 88 179 179
tree 7496 1032 111 0 179
fre 7620 1052 82 179 179
fre 8036 1052 121 179 179
fre 7044 1084 83 179 179
fre 7540 1060 200 179 179
tree 7544 1064 107 0 179
fre 7796 1068 110 179 179
fre 7924 1092 103 179 179
fre 6948 1140 83 179 179
fre 7204 1140 124 179 179
fre 7428 1124 87 179 179
fre 7980 1140 123 179 179
fre 7724 1180 83 179 179
fre 8036 1172 121 179 179
fre 7924 1204 121 179 179
fre 7340 1228 110 179 179
fre 7596 1228 201 179 179
fre 7596 1236 88 179 179
fre 7948 1220 123 179 179
fre 7132 1252 84 179 179
fre 8020 1260 123 179 179
fre 6964 1292 83 179 179
tree 7656 1304 36 0 179
fre 7868 1308 201 179 179
fre 7980 1308 122 179 179
tree 7464 1336 109 0 179
fre 7884 1324 88 179 179
fre 7180 1356 85 179 179
fre 7260 1364 124 179 179
fre 7476 1348 87 179 179
tree 7672 1368 36 0 179
fre 7692 1356 83 179 179
fre 7988 1364 123 179 179
fre 7964 1404 121 179 179
fre 7948 1420 202 179 179
fre 7084 1444 124 179 179
fre 7380 1500 110 179 179
fre 7804 1484 229 179 179
fre 7996 1484 250 179 179
fre 7596 1516 230 179 179
fre 7748 1516 250 179 179
fre 7036 1540 85 179 179
fre 7324 1556 87 179 179
fre 7772 1556 229 179 179
fre 7900 1540 88 179 179
fre 7532 1572 87 179 179
fre 7988 1580 205 179 179
fre 7188 1604 83 179 179
tree 7496 1656 34 0 179
fre 7684 1644 230 179 179
fre 7852 1644 229 179 179
fre 8028 1660 88 179 179
fre 7108 1676 84 179 179
fre 7452 1676 119 179 179
fre 7868 1668 215 179 179
fre 7572 1756 124 179 179
fre 7756 1748 230 179 179
fre 7084 1780 120 179 179
fre 7476 1780 83 179 179
fre 7932 1780 83 179 179
fre 7380 1796 87 179 179
tree 7512 1816 105 0 179
fre 7220 1844 124 179 179
tree 7320 1848 111 0 179
fre 8044 1844 215 179 179
trop 132 1876 132 179 179
trop 164 1876 132 179 179
trop 196 1876 132 179 179
trop 228 1876 132 179 179
trop 260 1876 132 179 179
trop 292 1876 132 179 179
trop 324 1876 132 179 179
trop 356 1876 132 179 179
trop 388 1876 132 179 179
trop 420 1876 132 179 179
trop 452 1876 132 179 179
trop 484 1876 132 179 179
trop 516 1876 132 179 179
trop 548 1876 132 179 179
trop 580 1876 132 179 179
trop 612 1876 132 179 179
trop 644 1876 132 179 179
trop 676 1876 132 179 179
trop 708 1876 132 179 179
trop 740 1876 132 179 179
trop 772 1876 132 179 179
trop 804 1876 132 179 179
trop 836 1876 132 179 179
trop 868 1876 132 179 179
trop 900 1876 132 179 179
trop 932 1876 132 179 179
trop 964 1876 132 179 179
trop 996 1876 132 179 179
trop 1028 1876 132 179 179
trop 1060 1876 132 179 179
trop 1092 1876 132 179 179
trop 1124 1876 132 179 179
trop 1156 1876 132 179 179
trop 1188 1876 132 179 179
trop 1220 1876 132 179 179
trop 1252 1876 132 179 179
trop 1284 1876 132 179 179
trop 1316 1876 132 179 179
trop 1348 1876 132 179 179
trop 1380 1876 132 179 179
trop 1412 1876 132 179 179
trop 1444 1876 132 179 179
trop 1476 1876 132 179 179
trop 1508 1876 132 179 179
trop 1540 1876 132 179 179
trop 1572 1876 132 179 179
trop 1604 1876 132 179 179
trop 1636 1876 132 179 179
trop 1668 1876 132 179 179
trop 1700 1876 132 179 179
trop 1732 1876 132 179 179
trop 1764 1876 132 179 179
trop 1796 1876 132 179 179
trop 1828 1876 132 179 179
trop 1860 1876 132 179 179
trop 1892 1876 132 179 179
trop 1924 1876 132 179 179
trop 1956 1876 132 179 179
trop 1988 1876 132 179 179
trop 2020 1876 132 179 179
trop 2052 1876 132 179 179
trop 2084 1876 132 179 179
trop 2116 1876 132 179 179
trop 2148 1876 132 179 179
trop 2180 1876 132 179 179
trop 2212 1876 132 179 179
trop 2244 1876 132 179 179
trop 2276 1876 132 179 179
trop 2308 1876 132 179 179
trop 2340 1876 132 179 179
trop 2372 1876 132 179 179
trop 2404 1876 132 179 179
trop 2436 1876 132 179 179
trop 2468 1876 132 179 179
trop 2500 1876 132 179 179
trop 2532 1876 132 179 179
trop 2564 1876 132 179 179
trop 2596 1876 132 179 179
trop 2628 1876 132 179 179
trop 2660 1876 132 179 179
trop 2692 1876 132 179 179
trop 2724 1876 132 179 179
trop 2756 1876 132 179 179
trop 2788 1876 132 179 179
trop 2820 1876 132 179 179
trop 2852 1876 132 179 179
trop 2884 1876 132 179 179
trop 2916 1876 132 179 179
trop 2948 1876 132 179 179
trop 2980 1876 132 179 179
trop 3012 1876 132 179 179
trop 3044 1876 132 179 179
trop 3076 1876 132 179 179
trop 3108 1876 132 179 179
trop 3140 1876 132 179 179
trop 3172 1876 132 179 179
trop 3204 1876 132 179 179
trop 3236 1876 132 179 179
trop 3268 1876 132 179 179
trop 3300 1876 132 179 179
trop 3332 1876 132 179 179
trop 3364 1876 132 179 179
trop 3396 1876 132 179 179
trop 3428 1876 132 179 179
trop 3460 1876 132 179 179
trop 3492 1876 132 179 179
trop 3524 1876 132 179 179
trop 3556 1876 132 179 179
trop 3588 1876 132 179 179
trop 3620 1876 132 179 179
trop 3652 1876 132 179 179
trop 3684 1876 132 179 179
trop 3716 1876 132 179 179
trop 3748 1876 132 179 179
trop 3780 1876 132 179 179
trop 3812 1876 132 179 179
trop 3844 1876 132 179 179
trop 3876 1876 132 179 179
trop 3908 1876 132 179 179
trop 3940 1876 132 179 179
trop 3972 1876 132 179 179
trop 4004 1876 132 179 179
trop 4036 1876 132 179 179
trop 4068 1876 132 179 179
trop 4100 1876 132 179 179
trop 4132 1876 132 179 179
trop 4164 1876 132 179 179
trop 4196 1876 132 179 179
trop 4228 1876 132 179 179
trop 4260 1876 132 179 179
trop 4292 1876 132 179 179
trop 4324 1876 132 179 179
trop 4356 1876 132 179 179
trop 4388 1876 132 179 179
trop 4420 1876 132 179 179
trop 4452 1876 132 179 179
trop 4484 1876 132 179 179
trop 4516 1876 132 179 179
trop 4548 1876 132 179 179
trop 4580 1876 132 179 179
trop 4612 1876 132 179 179
trop 4644 1876 132 179 179
trop 4676 1876 132 179 179
trop 4708 1876 132 179 179
trop 4740 1876 132 179 179
trop 4772 1876 132 179 179
trop 4804 1876 132 179 179
trop 4836 1876 132 179 179
trop 4868 1876 132 179 179
trop 4900 1876 132 179 179
trop 4932 1876 132 179 179
trop 4964 1876 132 179 179
trop 4996 1876 132 179 179
trop 5028 1876 132 179 179
trop 5060 1876 132 179 179
trop 5092 1876 132 179 179
trop 5124 1876 132 179 179
trop 5156 1876 132 179 179
trop 5188 1876 132 179 179
trop 5220 1876 132 179 179
trop 5252 1876 132 179 179
trop 5284 1876 132 179 179
trop 5316 1876 132 179 179
trop 5348 1876 132 179 179
trop 5380 1876 132 179 179
trop 5412 1876 132 179 179
trop 5444 1876 132 179 179
trop 5476 1876 132 179 179
trop 5508 1876 132 179 179
trop 5540 1876 132 179 179
trop 5572 1876 132 179 179
trop 5604 1876 132 179 179
trop 5636 1876 132 179 179
trop 5668 1876 132 179 179
trop 5700 1876 132 179 179
trop 5732 1876 132 179 179
trop 5764 1876 132 179 179
trop 5796 1876 132 179 179
trop 5828 1876 132 179 179
trop 5860 1876 132 179 179
trop 5892 1876 132 179 179
trop 5924 1876 132 179 179
trop 5956 1876 132 179 179
trop 5988 1876 132 179 179
trop 6020 1876 132 179 179
trop 6052 1876 132 179 179
trop 6084 1876 132 179 179
trop 6116 1876 132 179 179
trop 6148 1876 132 179 179
trop 6180 1876 132 179 179
trop 6212 1876 132 179 179
trop 6244 1876 132 179 179
trop 6276 1876 132 179 179
trop 6308 1876 132 179 179
trop 6340 1876 132 179 179
trop 6372 1876 132 179 179
trop 6404 1876 132 179 179
trop 6436 1876 132 179 179
trop 6468 1876 132 179 179
trop 6500 1876 132 179 179
trop 6532 1876 132 179 179
trop 6564 1876 132 179 179
trop 6596 1876 132 179 179
trop 6628 1876 132 179 179
trop 6660 1876 132 179 179
trop 6692 1876 132 179 179
trop 6724 1876 132 179 179
trop 6756 1876 132 179 179
trop 6788 1876 132 179 179
trop 6820 1876 132 179 179
trop 6852 1876 132 179 179
trop 6884 1876 132 179 179
fre 7036 1868 85 179 179
fre 7700 1868 231 179 179
fre 7820 1860 230 179 179
fre 7188 1900 120 179 179
trop 1956 1940 253 179 179
tree 7544 1944 113 0 179
trop 1956 1972 253 179 179
fre 7100 1956 120 179 179
tree 7240 1976 40 0 179
fre 7356 1972 119 179 179
fre 7452 1956 120 179 179
tree 7560 1960 34 0 179
fre 7636 1964 124 179 179
trop 1956 2004 245 179 179
fre 7900 1996 84 179 179
tree 7912 1992 36 0 179
trop 1956 2036 253 179 179
tree 7208 2040 113 0 179
fre 7252 2028 85 179 179
fre 7548 2028 119 179 179
fre 7796 2036 87 179 179
tree 7912 2040 2 0 179
fre 7980 2044 88 179 179
trop 1956 2068 253 179 179
fre 7148 2068 84 179 179
tree 7912 2056 112 0 179
tree 7912 2072 38 0 179
trop 1956 2100 245 179 179
fre 7260 2108 120 179 179
fre 7644 2084 119 179 179
tree 7624 2104 41 0 179
tree 7640 2104 36 0 179
tree 7912 2088 108 0 179
trop 1956 2132 253 179 179
tree 7304 2136 40 0 179
fre 7420 2124 119 179 179
fre 7508 2124 120 179 179
tree 7656 2120 106 0 179
tree 7720 2136 108 0 179
tree 7912 2136 38 0 179
trop 1956 2164 245 179 179
tree 7512 2168 40 0 179
tree 7528 2168 38 0 179
fre 7716 2164 124 179 179
tree 7736 2152 2 0 179
tree 7752 2152 112 0 179
fre 7932 2172 88 179 179
tree 7912 2152 41 0 179
tree 7912 2168 38 0 179
trop 1956 2196 253 179 179
fre 7108 2196 237 179 179
tree 7256 2184 41 0 179
tree 7448 2184 110 0 179
tree 7512 2184 107 0 179
fre 7572 2204 84 179 179
tree 7784 2184 109 0 179
tree 7784 2200 36 0 179
tree 7896 2200 41 0 179
trop 1956 2228 245 179 179
fre 7236 2228 87 179 179
fre 7300 2228 120 179 179
fre 7628 2220 232 179 179
tree 7800 2216 110 0 179
tree 7816 2232 113 0 179
tree 7896 2216 110 0 179
trop 1956 2260 253 179 179
tree 7832 2248 107 0 179
tree 7832 2264 111 0 179
tree 7880 2248 108 0 179
tree 7880 2264 37 0 179
trop 1956 2292 253 179 179
tree 7416 2296 105 0 179
fre 7428 2292 124 179 179
fre 7604 2300 237 179 179
fre 7868 2276 88 179 179
trop 1956 2324 245 179 179
fre 7340 2324 232 179 179
trop 1956 2356 253 179 179
fre 7020 2340 241 179 179
fre 7116 2356 124 179 179
tree 7208 2344 2 0 179
tree 7224 2344 40 0 179
fre 7716 2348 231 179 179
trop 1956 2388 253 179 179
tree 7224 2392 108 0 179
tree 7656 2376 37 0 179
tree 7864 2376 107 0 179
fre 8004 2380 88 179 179
trop 1956 2420 245 179 179
fre 7660 2404 88 179 179
trop 1956 2452 245 179 179
fre 7044 2452 237 179 179
fre 7300 2452 237 179 179
fre 7380 2436 233 179 179
fre 7540 2436 234 179 179
fre 7876 2452 88 179 179
trop 1956 2484 245 179 179
trop 1956 2516 253 179 179
tree 7272 2520 48 0 179
tree 7384 2504 34 0 179
fre 7732 2508 88 179 179
tree 7752 2520 107 0 179
trop 1956 2548 245 179 179
tree 7128 2552 112 0 179
fre 7244 2532 87 179 179
fre 7252 2532 241 179 179
fre 7460 2532 84 179 179
fre 7596 2548 87 179 179
tree 7864 2536 56 0 179
tree 7864 2552 2 0 179
tree 7896 2536 2 0 179
tree 7928 2552 106 0 179
fre 7988 2548 84 179 179
trop 1956 2580 245 179 179
fre 7100 2572 119 179 179
tree 7560 2584 41 0 179
tree 7880 2568 40 0 179
tree 7960 2584 48 0 179
tree 7960 2568 38 0 179
tree 7944 2568 107 0 179
tree 7976 2584 113 0 179
trop 1956 2612 253 179 179
fre 7476 2596 86 179 179
tree 7480 2600 38 0 179
tree 7560 2616 105 0 179
fre 7860 2596 237 179 179
tree 7896 2600 105 0 179
tree 7976 2600 109 0 179
trop 1956 2644 245 179 179
tree 7208 2648 112 0 179
tree 7224 2648 56 0 179
tree 8008 2648 111 0 179
trop 1956 2676 253 179 179
tree 7208 2664 34 0 179
fre 7332 2660 241 179 179
tree 7928 2664 107 0 179
tree 8008 2664 36 0 179
trop 1956 2708 245 179 179
fre 7068 2716 99 179 179
fre 7228 2700 100 179 179
fre 7364 2700 103 179 179
tree 7432 2712 108 0 179
fre 7668 2708 84 179 179
tree 7688 2712 48 0 179
fre 7812 2692 87 179 179
tree 7912 2712 36 0 179
tree 7944 2696 106 0 179
tree 7944 2712 107 0 179
trop 1956 2740 245 179 179
tree 7448 2728 38 0 179
fre 7564 2724 87 179 179
fre 7892 2740 87 179 179
tree 7928 2728 109 0 179
tree 7928 2744 34 0 179
fre 8012 2732 84 179 179
trop 1956 2772 253 179 179
tree 7224 2776 40 0 179
fre 7236 2772 237 179 179
fre 7452 2780 107 179 179
fre 7748 2764 237 179 179
tree 7928 2776 111 0 179
trop 1956 2804 253 179 179
tree 7608 2792 38 0 179
tree 7880 2792 109 0 179
tree 7944 2792 2 0 179
trop 1956 2836 245 179 179
fre 7356 2836 119 179 179
fre 7532 2820 241 179 179
fre 7692 2820 86 179 179
tree 7832 2840 110 0 179
trop 1956 2868 253 179 179
cliff 5232 2848 116 179 179
cliff 5232 2864 120 179 179
cliff 5248 2848 122 179 179
cliff 5280 2848 121 179 179
cliff 5312 2848 121 179 179
cliff 5344 2848 123 179 179
cliff 5376 2848 124 179 179
cliff 5408 2848 122 179 179
cliff 5440 2848 124 179 179
cliff 5488 2864 107 179 179
cliff 5472 2848 103 179 179
fre 7076 2876 96 179 179
fre 7236 2876 76 179 179
fre 7820 2860 83 179 179
trop 1956 2900 245 179 179
cliff 5232 2896 125 179 179
cliff 5504 2880 122 179 179
cliff 5552 2896 108 179 179
cliff 5536 2880 103 179 179
fre 7188 2900 87 179 179
fre 7436 2908 109 179 179
trop 1956 2932 245 179 179
cliff 5232 2928 118 179 179
cliff 5568 2912 122 179 179
tree 7480 2920 2 0 179
tree 7496 2920 56 0 179
tree 7512 2936 106 0 179
fre 7604 2940 87 179 179
fre 7748 2924 84 179 179
fre 8028 2916 101 179 179
trop 1956 2964 253 179 179
dom 2816 2944 192 0 179
tree 7496 2968 56 0 179
tree 7496 2952 37 0 179
fre 7620 2948 240 179 179
trop 1956 2996 245 179 179
dom 2624 2976 317 0 179
cliff 5184 2992 117 179 179
cliff 5216 2976 109 179 179
fre 7036 3004 87 179 179
fre 7132 3004 90 179 179
tree 7400 2984 48 0 179
tree 7496 2984 109 0 179
tree 7816 2984 41 0 179
fre 7948 2996 82 179 179
trop 1956 3028 245 179 179
cliff 5168 3024 114 179 179
fre 7388 3020 237 179 179
tree 7480 3032 36 0 179
fre 7812 3036 81 179 179
tree 7912 3016 105 0 179
trop 1956 3060 245 179 179
cliff 5104 3040 117 179 179
cliff 5104 3056 125 179 179
cliff 5120 3040 123 179 179
fre 7300 3060 82 179 179
tree 7400 3048 48 0 179
tree 7400 3064 34 0 179
fre 7540 3044 83 179 179
fre 8020 3068 101 179 179
trop 1956 3092 253 179 179
cliff 5104 3088 120 179 179
tree 7256 3080 110 0 179
tree 7304 3096 107 0 179
tree 7400 3096 110 0 179
fre 7444 3076 72 179 179
fre 7860 3092 102 179 179
tree 7880 3096 113 0 179
trop 1956 3124 245 179 179
cliff 5104 3120 118 179 179
fre 7172 3132 85 179 179
tree 7400 3112 36 0 179
fre 7964 3124 81 179 179
trop 1956 3156 245 179 179
fre 7396 3156 80 179 179
fre 7692 3148 84 179 179
trop 1956 3188 245 179 179
dom 3008 3168 319 0 179
cliff 5808 3184 31 179 179
cliff 5792 3168 34 179 179
fre 7084 3188 94 179 179
fre 7524 3196 83 179 179
tree 7848 3192 40 0 179
trop 1956 3220 245 179 179
cliff 5840 3216 28 179 179
cliff 5824 3200 34 179 179
fre 7028 3220 87 179 179
tree 7480 3224 107 0 179
tree 7496 3224 40 0 179
fre 7788 3212 84 179 179
trop 1956 3252 253 179 179
cliff 5840 3232 12 179 179
fre 7268 3252 102 179 179
tree 7304 3240 106 0 179
tree 7304 3256 40 0 179
tree 7320 3256 36 0 179
tree 7464 3240 108 0 179
tree 7512 3256 105 0 179
fre 8004 3260 237 179 179
trop 1956 3284 253 179 179
cliff 5840 3264 11 179 179
tree 7192 3288 2 0 179
tree 7336 3272 105 0 179
tree 7368 3288 111 0 179
tree 7480 3288 112 0 179
tree 7464 3288 110 0 179
fre 7660 3284 84 179 179
tree 7704 3288 105 0 179
tree 7720 3288 108 0 179
fre 7924 3268 87 179 179
trop 1956 3316 245 179 179
cliff 5840 3296 12 179 179
fre 7156 3324 82 179 179
tree 7144 3304 56 0 179
tree 7160 3304 105 0 179
tree 7192 3320 108 0 179
tree 7224 3320 110 0 179
tree 7240 3320 38 0 179
tree 7304 3320 110 0 179
tree 7384 3304 34 0 179
tree 7384 3320 38 0 179
tree 7400 3320 109 0 179
fre 7492 3324 87 179 179
tree 7720 3320 113 0 179
tree 7720 3304 38 0 179
fre 7772 3308 73 179 179
trop 1956 3348 253 179 179
dom 2720 3328 315 0 179
cliff 5872 3344 31 179 179
cliff 5856 3328 36 179 179
tree 6968 3352 113 0 179
tree 7128 3336 112 0 179
tree 7208 3336 37 0 179
tree 7384 3336 40 0 179
tree 7384 3352 109 0 179
tree 7432 3352 105 0 179
tree 7544 3336 40 0 179
trop 1956 3380 245 179 179
cliff 5888 3376 5 179 179
tree 6952 3384 40 0 179
tree 6968 3368 108 0 179
fre 7004 3372 119 179 179
tree 6984 3368 109 0 179
tree 7048 3384 40 0 179
tree 7064 3368 37 0 179
tree 7080 3368 48 0 179
fre 7252 3380 72 179 179
tree 7400 3368 48 0 179
tree 7416 3384 113 0 179
tree 7432 3384 110 0 179
tree 7544 3368 110 0 179
tree 7560 3368 36 0 179
tree 7576 3368 109 0 179
tree 7688 3368 106 0 179
trop 1956 3412 253 179 179
cliff 5792 3408 17 179 179
cliff 5856 3392 1 179 179
tree 7000 3416 112 0 179
tree 7160 3400 111 0 179
tree 7160 3416 107 0 179
tree 7368 3400 36 0 179
tree 7368 3416 34 0 179
tree 7432 3400 110 0 179
tree 7592 3400 56 0 179
tree 7608 3400 56 0 179
tree 7640 3416 36 0 179
tree 7656 3416 107 0 179
tree 7672 3416 106 0 179
tree 7736 3416 36 0 179
tree 7752 3416 113 0 179
fre 7868 3404 83 179 179
fre 8004 3404 102 179 179
trop 1956 3444 253 179 179
cliff 5776 3440 4 179 179
cliff 5840 3424 7 179 179
fre 7076 3444 100 179 179
tree 7176 3432 109 0 179
tree 7192 3448 41 0 179
fre 7268 3444 76 179 179
tree 7368 3432 112 0 179
tree 7368 3448 38 0 179
fre 7412 3428 100 179 179
tree 7496 3432 109 0 179
tree 7496 3448 38 0 179
fre 7716 3428 83 179 179
tree 7736 3432 113 0 179
tree 7720 3432 107 0 179
tree 7800 3432 48 0 179
tree 7816 3432 37 0 179
trop 1956 3476 245 179 179
cliff 5296 3472 1 179 179
cliff 5312 3456 26 179 179
cliff 5328 3472 22 179 179
cliff 5344 3472 54 179 179
cliff 5744 3456 15 179 179
tree 7032 3480 37 0 179
trop 7092 3468 126 179 179
trop 7076 3484 127 179 179
trop 7124 3484 127 179 179
tree 7208 3464 112 0 179
tree 7368 3464 41 0 179
tree 7368 3480 111 0 179
tree 7496 3464 40 0 179
tree 7512 3480 106 0 179
fre 7604 3476 72 179 179
tree 8024 3480 56 0 179
tree 8040 3480 41 0 179
trop 1956 3508 253 179 179
cliff 5280 3504 10 179 179
cliff 5376 3488 25 179 179
cliff 5392 3504 48 179 179
cliff 5744 3488 14 179 179
trop 7084 3492 126 179 179
trop 7084 3516 127 179 179
stand 7144 3512 755 0 179
fre 7180 3516 53 179 179
tree 7256 3496 40 0 179
tree 7256 3512 113 0 179
tree 7368 3496 40 0 179
tree 7384 3512 36 0 179
tree 7528 3496 37 0 179
tree 7528 3512 41 0 179
tree 8024 3496 110 0 179
tree 8040 3512 38 0 179
tree 8040 3496 112 0 179
trop 1956 3540 253 179 179
cliff 5184 3536 16 179 179
cliff 5248 3520 3 179 179
cliff 5392 3536 21 179 179
cliff 5744 3520 11 179 179
fre 7068 3540 237 179 179
trop 7084 3524 127 179 179
trop 7164 3548 127 179 179
trop 7156 3524 127 179 179
trop 7148 3548 127 179 179
fre 7196 3524 53 179 179
fre 7196 3540 53 179 179
fre 7196 3548 53 179 179
tree 7400 3528 110 0 179
tree 7544 3528 37 0 179
tree 7544 3544 111 0 179
fre 7972 3524 72 179 179
tree 7976 3544 40 0 179
tree 8040 3528 112 0 179
trop 1956 3572 253 179 179
cliff 5232 3552 6 179 179
cliff 5408 3552 27 179 179
cliff 5424 3568 23 179 179
cliff 5440 3568 18 179 179
cliff 5760 3568 6 179 179
trop 7084 3556 127 179 179
stand 7128 3576 756 0 179
trop 7164 3580 127 179 179
trop 7164 3564 127 179 179
trop 7196 3564 126 179 179
trop 7196 3556 126 179 179
trop 7204 3572 126 179 179
fre 7212 3564 53 179 179
fre 7212 3572 53 179 179
fre 7236 3580 53 179 179
fre 7284 3572 101 179 179
fre 7396 3572 100 179 179
fre 7828 3564 82 179 179
tree 7864 3576 109 0 179
tree 7848 3576 40 0 179
tree 7960 3576 41 0 179
tree 7976 3560 108 0 179
tree 8040 3576 109 0 179
tree 8040 3560 109 0 179
trop 1956 3604 253 179 179
cliff 5472 3584 26 179 179
cliff 5488 3600 23 179 179
cliff 5504 3600 18 179 179
cliff 5536 3600 16 179 179
cliff 5568 3600 16 179 179
cliff 5600 3600 17 179 179
cliff 5632 3600 17 179 179
cliff 5664 3600 17 179 179
cliff 5728 3584 2 179 179
trop 7084 3588 126 179 179
trop 7092 3612 127 179 179
trop 7116 3612 126 179 179
trop 7180 3596 127 179 179
trop 7180 3612 126 179 179
trop 7228 3588 127 179 179
fre 7212 3588 53 179 179
fre 7220 3604 53 179 179
fre 7228 3604 53 179 179
fre 7228 3596 53 179 179
fre 7236 3604 53 179 179
trop 7324 3612 127 179 179
trop 7340 3596 127 179 179
trop 7356 3596 126 179 179
trop 7380 3604 126 179 179
fre 7684 3604 230 179 179
tree 7864 3592 112 0 179
tree 7848 3592 40 0 179
tree 7864 3608 105 0 179
tree 7880 3608 34 0 179
tree 7912 3592 106 0 179
tree 7976 3608 48 0 179
tree 8040 3608 110 0 179
tree 8040 3592 34 0 179
trop 1956 3636 253 179 179
cliff 5712 3616 10 179 179
stand 7128 3624 755 0 179
trop 7124 3644 127 179 179
fre 7116 3644 53 179 179
fre 7132 3644 53 179 179
trop 7148 3628 127 179 179
trop 7156 3644 126 179 179
fre 7140 3628 53 179 179
trop 7196 3620 126 179 179
trop 7204 3644 127 179 179
trop 7252 3620 126 179 179
tree 7880 3624 48 0 179
tree 7896 3624 36 0 179
fre 7924 3628 83 179 179
tree 7912 3640 109 0 179
tree 8024 3640 56 0 179
trop 1956 3668 245 179 179
trop 6916 3668 245 179 179
trop 7164 3660 126 179 179
fre 7140 3652 53 179 179
fre 7140 3660 53 179 179
trop 7172 3676 127 179 179
stand 7224 3672 576 0 179
trop 7228 3676 127 179 179
stand 7256 3672 576 0 179
stand 7288 3672 576 0 179
stand 7384 3656 680 0 179
stand 7464 3656 587 0 179
trop 7476 3676 126 179 179
tree 7912 3656 110 0 179
tree 8008 3656 110 0 179
trop 1956 3700 245 179 179
trop 6916 3700 245 179 179
tree 7016 3704 48 0 179
tree 7016 3688 2 0 179
trop 7180 3684 126 179 179
trop 7188 3700 127 179 179
trop 7180 3692 127 179 179
stand 7208 3688 586 0 179
stand 7240 3688 586 0 179
stand 7288 3688 586 0 179
trop 7300 3700 127 179 179
trop 7348 3700 126 179 179
fre 7332 3708 53 179 179
fre 7340 3708 53 179 179
fre 7340 3700 53 179 179
fre 7348 3692 53 179 179
fre 7356 3708 53 179 179
trop 7372 3708 127 179 179
fre 7364 3700 53 179 179
trop 7444 3708 126 179 179
fre 7428 3708 57 179 179
trop 7460 3692 126 179 179
trop 7476 3684 127 179 179
trop 7540 3700 127 179 179
trop 7524 3684 126 179 179
trop 7540 3708 127 179 179
fre 7628 3692 100 179 179
tree 7656 3688 110 0 179
tree 7944 3688 106 0 179
tree 7944 3704 113 0 179
tree 8008 3704 2 0 179
trop 1956 3732 245 179 179
trop 6916 3732 245 179 179
tree 7032 3736 36 0 179
tree 7032 3720 40 0 179
trop 7180 3732 126 179 179
fre 7204 3732 57 179 179
fre 7220 3732 52 179 179
fre 7244 3740 52 179 179
trop 7244 3732 127 179 179
trop 7276 3740 126 179 179
fre 7356 3724 53 179 179
fre 7356 3732 53 179 179
fre 7348 3716 53 179 179
fre 7348 3724 53 179 179
fre 7340 3740 53 179 179
trop 7364 3732 126 179 179
trop 7404 3732 126 179 179
trop 7444 3724 127 179 179
fre 7436 3724 50 179 179
fre 7444 3732 57 179 179
trop 7564 3724 127 179 179
fre 7916 3732 87 179 179
tree 7960 3720 105 0 179
tree 7960 3736 105 0 179
tree 8008 3736 2 0 179
trop 1956 3764 253 179 179
trop 6916 3764 245 179 179
fre 7052 3764 84 179 179
trop 7092 3764 126 179 179
dom 7136 3744 551 0 179
fre 7164 3772 50 179 179
fre 7164 3764 52 179 179
trop 7196 3756 126 179 179
trop 7180 3756 126 179 179
trop 7204 3756 126 179 179
fre 7212 3748 52 179 179
fre 7220 3756 50 179 179
fre 7220 3748 57 179 179
fre 7236 3764 57 179 179
trop 7292 3756 126 179 179
trop 7308 3748 126 179 179
trop 7308 3756 127 179 179
trop 7324 3748 126 179 179
trop 7332 3748 126 179 179
trop 7340 3756 127 179 179
trop 7364 3764 126 179 179
trop 7372 3756 126 179 179
fre 7372 3748 53 179 179
fre 7380 3748 53 179 179
trop 7420 3756 126 179 179
trop 7580 3756 127 179 179
fre 7588 3772 77 179 179
tree 7768 3768 110 0 179
tree 7800 3768 110 0 179
fre 7820 3764 237 179 179
tree 7976 3752 112 0 179
tree 7992 3768 36 0 179
tree 8008 3752 110 0 179
trop 1956 3796 245 179 179
dom 3840 3776 549 0 179
trop 6916 3796 253 179 179
trop 7068 3788 127 179 179
trop 7044 3804 126 179 179
trop 7076 3788 127 179 179
trop 7116 3788 126 179 179
trop 7148 3796 126 179 179
trop 7196 3788 126 179 179
fre 7196 3796 52 179 179
fre 7188 3796 50 179 179
fre 7172 3780 52 179 179
trop 7212 3788 127 179 179
trop 7212 3796 127 179 179
fre 7220 3804 53 179 179
trop 7260 3780 126 179 179
trop 7268 3780 126 179 179
trop 7380 3780 127 179 179
trop 7396 3788 126 179 179
trop 7396 3796 127 179 179
trop 7436 3788 126 179 179
trop 7572 3804 127 179 179
trop 7564 3796 127 179 179
trop 7588 3788 127 179 179
fre 7644 3796 73 179 179
tree 7688 3784 36 0 179
trop 1956 3828 245 179 179
trop 6916 3828 253 179 179
tree 7000 3832 48 0 179
tree 7032 3832 48 0 179
tree 7016 3816 113 0 179
stand 7096 3816 727 0 179
stand 7128 3816 727 0 179
stand 7128 3832 585 0 179
trop 7180 3820 127 179 179
trop 7220 3812 127 179 179
trop 7220 3820 126 179 179
fre 7220 3836 53 179 179
fre 7220 3828 53 179 179
fre 7220 3812 53 179 179
stand 7288 3832 724 0 179
stand 7304 3816 724 0 179
stand 7336 3832 724 0 179
stand 7352 3816 724 0 179
stand 7384 3832 724 0 179
dom 7520 3808 553 0 179
trop 7572 3836 127 179 179
trop 7572 3812 126 179 179
stand 7624 3816 639 0 179
trop 7644 3820 126 179 179
tree 7704 3832 38 0 179
tree 7768 3816 2 0 179
tree 8024 3816 41 0 179
tree 8024 3832 2 0 179
trop 1956 3860 253 179 179
tree 7032 3848 108 0 179
tree 7048 3848 108 0 179
tree 7048 3864 48 0 179
trop 7156 3852 127 179 179
trop 7188 3868 127 179 179
trop 7172 3860 127 179 179
trop 7188 3868 126 179 179
trop 7196 3844 126 179 179
fre 7172 3868 53 179 179
trop 7212 3860 126 179 179
trop 7204 3844 126 179 179
fre 7228 3844 53 179 179
trop 7236 3852 126 179 179
fre 7236 3868 53 179 179
fre 7236 3860 53 179 179
stand 7272 3848 586 0 179
stand 7320 3864 724 0 179
stand 7320 3848 724 0 179
stand 7368 3864 724 0 179
stand 7368 3848 724 0 179
stand 7416 3848 724 0 179
stand 7400 3848 586 0 179
trop 7436 3860 126 179 179
trop 7500 3852 127 179 179
trop 7500 3844 126 179 179
trop 7540 3860 126 179 179
trop 7564 3852 126 179 179
fre 7588 3844 52 179 179
trop 7636 3844 127 179 179
trop 7644 3868 127 179 179
trop 7668 3868 126 179 179
tree 8040 3848 40 0 179
trop 1956 3892 253 179 179
tree 7048 3880 48 0 179
trop 7100 3900 126 179 179
trop 7092 3884 126 179 179
stand 7128 3896 185 0 179
trop 7124 3884 126 179 179
trop 7148 3892 126 179 179
fre 7196 3900 53 179 179
fre 7196 3892 53 179 179
trop 7220 3884 126 179 179
fre 7204 3900 53 179 179
trop 7252 3876 127 179 179
fre 7244 3892 53 179 179
fre 7252 3900 53 179 179
fre 7244 3884 53 179 179
trop 7268 3892 126 179 179
trop 7268 3884 126 179 179
fre 7276 3884 53 179 179
trop 7316 3892 126 179 179
fre 7300 3900 53 179 179
fre 7308 3900 53 179 179
fre 7316 3892 53 179 179
fre 7316 3900 53 179 179
trop 7348 3900 127 179 179
stand 7336 3880 585 0 179
trop 7372 3900 127 179 179
trop 7388 3892 126 179 179
fre 7380 3900 72 179 179
trop 7404 3900 126 179 179
trop 7428 3900 126 179 179
trop 7468 3876 127 179 179
fre 7484 3884 57 179 179
fre 7500 3884 52 179 179
fre 7532 3900 50 179 179
fre 7540 3900 57 179 179
stand 7608 3896 610 0 179
trop 7628 3892 126 179 179
trop 7628 3876 127 179 179
stand 7656 3896 609 0 179
trop 1956 3924 253 179 179
trop 6924 3932 127 179 179
tree 7048 3912 2 0 179
fre 7116 3908 87 179 179
trop 7132 3924 126 179 179
trop 7132 3916 127 179 179
stand 7160 3912 186 0 179
stand 7176 3912 186 0 179
fre 7172 3932 72 179 179
trop 7188 3932 127 179 179
trop 7228 3932 126 179 179
trop 7228 3932 127 179 179
fre 7204 3908 53 179 179
fre 7228 3924 53 179 179
trop 7260 3916 127 179 179
trop 7252 3908 127 179 179
fre 7260 3924 53 179 179
fre 7260 3916 53 179 179
fre 7260 3908 53 179 179
fre 7292 3908 53 179 179
trop 7300 3916 127 179 179
fre 7308 3924 53 179 179
fre 7300 3916 53 179 179
fre 7340 3916 52 179 179
fre 7348 3932 52 179 179
fre 7348 3924 57 179 179
fre 7540 3908 52 179 179
fre 7540 3924 50 179 179
trop 7612 3932 126 179 179
trop 7628 3908 127 179 179
fre 7644 3932 57 179 179
trop 7660 3908 126 179 179
fre 7700 3908 72 179 179
fre 7820 3916 99 179 179
fre 7916 3916 100 179 179
trop 1956 3956 253 179 179
trop 6924 3940 127 179 179
trop 6948 3956 126 179 179
trop 6948 3956 127 179 179
tree 7112 3944 127 0 179
trop 7156 3956 127 179 179
trop 7156 3940 127 179 179
stand 7192 3960 181 0 179
trop 7180 3940 127 179 179
trop 7212 3948 127 179 179
trop 7268 3940 126 179 179
trop 7268 3948 127 179 179
fre 7268 3948 53 179 179
fre 7268 3940 53 179 179
trop 7308 3940 126 179 179
trop 7332 3956 126 179 179
fre 7540 3940 50 179 179
fre 7548 3948 57 179 179
fre 7572 3956 52 179 179
fre 7580 3964 50 179 179
trop 7612 3956 126 179 179
trop 7644 3956 127 179 179
fre 7644 3940 52 179 179
fre 7660 3956 57 179 179
fre 7668 3956 57 179 179
trop 1956 3988 245 179 179
dom 4224 3968 58 0 179
trop 6964 3980 126 179 179
trop 6980 3996 126 179 179
trop 6988 3988 127 179 179
tree 7096 3976 25 0 179
tree 7144 3976 119 0 179
trop 7188 3996 127 179 179
trop 7204 3988 126 179 179
fre 7252 3996 52 179 179
fre 7244 3988 50 179 179
fre 7236 3972 50 179 179
fre 7292 3996 79 179 179
trop 7348 3980 127 179 179
tree 7560 3992 106 0 179
trop 7676 3988 126 179 179
trop 7660 3972 127 179 179
trop 7660 3980 126 179 179
trop 7660 3996 126 179 179
fre 7684 3972 50 179 179
fre 7700 3980 50 179 179
fre 7708 3988 50 179 179
fre 7716 3996 50 179 179
trop 1956 4020 245 179 179
trop 7004 4020 127 179 179
trop 7036 4028 127 179 179
trop 7020 4028 126 179 179
fre 7020 4012 50 179 179
fre 7012 4004 52 179 179
trop 7084 4028 127 179 179
trop 7124 4028 127 179 179
trop 7108 4012 126 179 179
trop 7140 4012 126 179 179
fre 7204 4020 57 179 179
fre 7220 4020 52 179 179
fre 7244 4020 52 179 179
fre 7252 4012 50 179 179
fre 7268 4028 50 179 179
trop 7316 4028 126 179 179
fre 7500 4004 87 179 179
trop 7692 4004 126 179 179
tree 7832 4008 2 0 179
tree 7960 4008 36 0 179
trop 1956 4052 253 179 179
trop 7028 4036 126 179 179
trop 7052 4036 126 179 179
trop 7068 4060 126 179 179
fre 7052 4044 50 179 179
fre 7044 4036 52 179 179
fre 7092 4044 50 179 179
trop 7132 4036 127 179 179
trop 7116 4036 127 179 179
fre 7116 4052 57 179 179
fre 7132 4052 57 179 179
trop 7156 4052 126 179 179
trop 7164 4060 126 179 179
trop 7164 4060 126 179 179
trop 7148 4044 126 179 179
fre 7140 4052 57 179 179
fre 7148 4052 52 179 179
fre 7188 4060 57 179 179
trop 7220 4036 126 179 179
trop 7204 4044 127 179 179
trop 7228 4044 126 179 179
trop 7252 4052 126 179 179
trop 7268 4052 127 179 179
trop 7300 4044 126 179 179
trop 7316 4060 127 179 179
trop 7332 4044 126 179 179
trop 7412 4060 126 179 179
tree 7528 4040 40 0 179
fre 7588 4052 87 179 179
tree 7592 4040 56 0 179
trop 7716 4036 126 179 179
trop 1956 4084 245 179 179
trop 7116 4068 127 179 179
trop 7148 4068 126 179 179
trop 7180 4068 126 179 179
trop 7180 4076 127 179 179
trop 7204 4084 127 179 179
trop 7252 4084 127 179 179
trop 7252 4068 126 179 179
fre 7236 4068 50 179 179
fre 7244 4068 52 179 179
fre 7260 4076 52 179 179
trop 7276 4076 126 179 179
fre 7276 4084 57 179 179
fre 7292 4092 57 179 179
trop 7300 4084 127 179 179
fre 7324 4092 50 179 179
trop 7356 4084 126 179 179
trop 7364 4068 127 179 179
trop 7396 4092 127 179 179
trop 7412 4076 127 179 179
trop 7396 4076 126 179 179
trop 7396 4076 126 179 179
fre 7420 4084 52 179 179
trop 7444 4068 127 179 179
fre 7428 4092 52 179 179
trop 7460 4092 127 179 179
trop 7708 4068 126 179 179
trop 7740 4084 126 179 179
trop 7724 4092 127 179 179
tree 7816 4088 107 0 179
fre 7852 4068 87 179 179
fre 8020 4076 138 179 179
trop 1956 4116 253 179 179
tree 7112 4104 120 0 179
tree 7144 4104 119 0 179
trop 7236 4116 126 179 179
fre 7236 4116 50 179 179
fre 7308 4108 57 179 179
fre 7324 4116 52 179 179
fre 7324 4100 52 179 179
trop 7332 4100 126 179 179
trop 7356 4116 127 179 179
fre 7340 4124 50 179 179
trop 7372 4124 126 179 179
trop 7420 4108 126 179 179
trop 7452 4108 127 179 179
trop 7428 4108 127 179 179
trop 7452 4124 126 179 179
fre 7436 4124 57 179 179
fre 7428 4108 52 179 179
trop 7476 4124 127 179 179
tree 7624 4120 123 0 179
trop 7740 4108 126 179 179
trop 7724 4108 127 179 179
tree 7912 4104 110 0 179
trop 1956 4148 245 179 179
tree 7176 4136 121 0 179
trop 7268 4132 127 179 179
fre 7284 4156 57 179 179
trop 7308 4140 127 179 179
fre 7348 4132 50 179 179
fre 7340 4140 50 179 179
fre 7356 4148 52 179 179
trop 7380 4140 126 179 179
fre 7388 4148 50 179 179
fre 7380 4140 50 179 179
trop 7412 4148 127 179 179
trop 7404 4148 127 179 179
trop 7452 4148 126 179 179
fre 7444 4156 52 179 179
fre 7436 4132 50 179 179
fre 7444 4132 50 179 179
trop 7484 4148 127 179 179
trop 7476 4156 127 179 179
fre 7460 4148 50 179 179
tree 7544 4152 20 0 179
trop 7556 4132 126 179 179
tree 7608 4152 123 0 179
trop 7732 4140 127 179 179
trop 7732 4140 127 179 179
tree 7896 4136 56 0 179
trop 1956 4180 253 179 179
trop 7308 4164 126 179 179
fre 7308 4188 57 179 179
trop 7332 4164 127 179 179
trop 7348 4188 126 179 179
fre 7372 4172 57 179 179
fre 7388 4172 57 179 179
trop 7420 4164 126 179 179
fre 7404 4188 50 179 179
trop 7428 4164 127 179 179
fre 7452 4172 57 179 179
trop 7460 4180 126 179 179
fre 7468 4188 57 179 179
fre 7460 4172 52 179 179
trop 7516 4164 126 179 179
trop 7708 4180 127 179 179
trop 7716 4164 127 179 179
trop 7740 4180 126 179 179
tree 7864 4184 34 0 179
trop 1956 4212 245 179 179
tree 7144 4216 37 0 179
fre 7180 4204 84 179 179
fre 7300 4196 52 179 179
fre 7300 4212 50 179 179
fre 7300 4204 50 179 179
trop 7364 4212 126 179 179
fre 7396 4196 52 179 179
fre 7412 4212 50 179 179
fre 7412 4220 50 179 179
trop 7444 4196 127 179 179
trop 7436 4212 127 179 179
trop 7476 4196 126 179 179
trop 7468 4220 126 179 179
fre 7484 4204 57 179 179
fre 7476 4196 52 179 179
fre 7500 4220 50 179 179
tree 7576 4200 124 0 179
tree 7608 4200 21 0 179
trop 7668 4220 126 179 179
trop 7692 4204 127 179 179
trop 7700 4196 127 179 179
trop 7740 4196 127 179 179
trop 7740 4204 127 179 179
tree 7960 4200 111 0 179
trop 1956 4244 245 179 179
tree 6904 4248 105 0 179
tree 6920 4248 38 0 179
tree 7064 4232 41 0 179
tree 7048 4232 37 0 179
tree 7080 4248 105 0 179
trop 7284 4244 126 179 179
trop 7284 4244 127 179 179
fre 7308 4252 50 179 179
fre 7308 4228 57 179 179
trop 7404 4252 126 179 179
trop 7396 4244 126 179 179
trop 7420 4244 127 179 179
trop 7460 4228 127 179 179
trop 7468 4244 126 179 179
trop 7500 4252 127 179 179
fre 7500 4228 50 179 179
fre 7580 4252 73 179 179
trop 7636 4252 127 179 179
trop 7660 4252 126 179 179
trop 7732 4236 127 179 179
fre 7844 4244 85 179 179
fre 8044 4244 125 179 179
trop 1956 4276 245 179 179
tree 6920 4264 34 0 179
tree 7096 4280 108 0 179
tree 7112 4280 105 0 179
trop 7196 4284 126 179 179
trop 7180 4284 127 179 179
trop 7316 4268 127 179 179
fre 7300 4268 50 179 179
fre 7300 4260 52 179 179
trop 7340 4284 126 179 179
trop 7332 4276 126 179 179
trop 7468 4268 126 179 179
trop 7484 4260 127 179 179
trop 7516 4268 126 179 179
stand 7512 4264 724 0 179
trop 7524 4284 126 179 179
stand 7528 4280 575 0 179
stand 7560 4264 724 0 179
trop 7628 4284 126 179 179
trop 7628 4260 127 179 179
trop 7660 4284 127 179 179
trop 7732 4260 127 179 179
trop 1956 4308 253 179 179
dom 3968 4288 44 0 179
fre 7028 4292 83 179 179
tree 7032 4312 34 0 179
tree 7112 4296 113 0 179
trop 7220 4300 126 179 179
trop 7252 4316 127 179 179
trop 7292 4308 127 179 179
trop 7284 4300 127 179 179
trop 7324 4308 127 179 179
trop 7356 4300 126 179 179
trop 7444 4316 126 179 179
trop 7444 4292 127 179 179
trop 7492 4316 126 179 179
trop 7540 4292 126 179 179
stand 7544 4312 575 0 179
trop 7644 4316 127 179 179
trop 7732 4292 127 179 179
trop 7732 4308 126 179 179
trop 7716 4292 127 179 179
tree 7912 4312 48 0 179
fre 7972 4316 87 179 179
trop 1956 4340 253 179 179
tree 7064 4344 38 0 179
tree 7080 4328 110 0 179
tree 7096 4328 2 0 179
tree 7096 4344 107 0 179
trop 7180 4348 126 179 179
trop 7180 4332 127 179 179
trop 7204 4324 126 179 179
trop 7252 4332 126 179 179
stand 7288 4328 586 0 179
trop 7316 4348 127 179 179
fre 7348 4332 79 179 179
trop 7364 4332 127 179 179
stand 7400 4328 189 0 179
trop 7508 4340 126 179 179
fre 7556 4324 72 179 179
stand 7592 4328 526 0 179
stand 7624 4328 526 0 179
trop 7636 4332 127 179 179
trop 7652 4348 127 179 179
trop 7740 4348 127 179 179
trop 7716 4340 127 179 179
trop 1956 4372 253 179 179
tree 7032 4376 34 0 179
trop 7164 4364 126 179 179
trop 7204 4372 126 179 179
dom 7232 4352 181 0 179
trop 7284 4372 127 179 179
trop 7452 4356 126 179 179
trop 7460 4380 126 179 179
trop 7588 4372 126 179 179
trop 7604 4364 127 179 179
trop 7636 4364 126 179 179
stand 7656 4376 526 0 179
trop 7748 4380 126 179 179
tree 7848 4376 38 0 179
trop 1956 4404 245 179 179
dom 4352 4384 60 0 179
tree 7064 4408 2 0 179
stand 7160 4408 529 0 179
trop 7148 4396 126 179 179
trop 7236 4412 127 179 179
trop 7276 4412 126 179 179
trop 7284 4412 127 179 179
trop 7292 4404 127 179 179
stand 7288 4392 586 0 179
trop 7308 4388 126 179 179
trop 7332 4388 127 179 179
trop 7356 4396 127 179 179
fre 7548 4404 57 179 179
trop 7556 4404 127 179 179
trop 7652 4388 127 179 179
trop 7724 4388 127 179 179
fre 7876 4404 85 179 179
tree 7928 4392 36 0 179
tree 7928 4408 113 0 179
fre 7988 4412 138 179 179
trop 1956 4436 245 179 179
fre 7084 4444 57 179 179
trop 7156 4436 126 179 179
trop 7180 4428 127 179 179
trop 7228 4444 126 179 179
trop 7244 4428 127 179 179
fre 7252 4444 57 179 179
trop 7268 4428 126 179 179
trop 7268 4420 127 179 179
trop 7300 4444 127 179 179
trop 7340 4444 126 179 179
trop 7364 4420 126 179 179
dom 7424 4416 525 0 179
dom 7520 4416 525 0 179
trop 7548 4428 127 179 179
fre 7564 4444 57 179 179
fre 7556 4428 52 179 179
stand 7592 4424 526 0 179
trop 7612 4436 127 179 179
trop 7628 4444 126 179 179
trop 7644 4436 126 179 179
trop 7652 4420 127 179 179
trop 7660 4444 126 179 179
trop 7740 4444 126 179 179
trop 7716 4444 127 179 179
fre 7732 4428 50 179 179
trop 7748 4420 127 179 179
tree 7880 4440 34 0 179
tree 7896 4440 37 0 179
tree 7928 4424 112 0 179
trop 1956 4468 253 179 179
fre 7092 4452 85 179 179
stand 7160 4456 528 0 179
trop 7196 4460 127 179 179
trop 7180 4452 127 179 179
trop 7180 4452 126 179 179
trop 7188 4460 126 179 179
stand 7208 4456 529 0 179
trop 7204 4476 126 179 179
trop 7204 4460 127 179 179
fre 7252 4460 52 179 179
fre 7236 4452 52 179 179
fre 7284 4468 52 179 179
fre 7292 4476 52 179 179
trop 7308 4452 127 179 179
fre 7300 4476 52 179 179
trop 7332 4476 126 179 179
trop 7380 4460 126 179 179
fre 7492 4468 52 179 179
trop 7540 4452 127 179 179
fre 7524 4476 50 179 179
fre 7548 4468 57 179 179
trop 7580 4452 127 179 179
fre 7556 4476 57 179 179
fre 7564 4468 52 179 179
fre 7564 4452 57 179 179
trop 7628 4476 127 179 179
trop 7652 4452 126 179 179
fre 7684 4476 52 179 179
trop 7724 4468 127 179 179
fre 7716 4468 50 179 179
fre 7740 4460 57 179 179
trop 1956 4500 245 179 179
tree 7048 4488 109 0 179
fre 7244 4508 50 179 179
fre 7316 4484 50 179 179
fre 7324 4500 50 179 179
fre 7324 4508 52 179 179
fre 7380 4484 50 179 179
trop 7404 4484 126 179 179
trop 7420 4492 126 179 179
trop 7420 4508 127 179 179
fre 7396 4500 52 179 179
fre 7412 4508 52 179 179
fre 7420 4508 57 179 179
fre 7396 4492 57 179 179
fre 7420 4492 50 179 179
trop 7444 4500 127 179 179
trop 7436 4492 126 179 179
fre 7428 4484 52 179 179
trop 7468 4500 126 179 179
trop 7484 4492 126 179 179
trop 7492 4492 127 179 179
fre 7500 4484 57 179 179
fre 7508 4492 52 179 179
trop 7524 4484 126 179 179
fre 7524 4492 52 179 179
trop 7620 4500 127 179 179
trop 7668 4484 127 179 179
trop 7692 4508 126 179 179
fre 7684 4484 52 179 179
fre 7700 4500 50 179 179
fre 7732 4492 52 179 179
fre 7940 4484 87 179 179
fre 8036 4492 138 179 179
trop 1956 4532 253 179 179
fre 7004 4524 241 179 179
fre 7084 4516 52 179 179
tree 7096 4520 107 0 179
fre 7108 4516 237 179 179
fre 7260 4524 50 179 179
fre 7252 4516 57 179 179
fre 7284 4540 52 179 179
fre 7276 4516 50 179 179
trop 7340 4524 126 179 179
trop 7388 4540 126 179 179
trop 7364 4532 126 179 179
trop 7412 4532 127 179 179
trop 7412 4532 127 179 179
trop 7404 4540 126 179 179
fre 7444 4524 50 179 179
trop 7476 4516 127 179 179
stand 7464 4520 575 0 179
trop 7516 4540 127 179 179
stand 7512 4520 575 0 179
trop 7548 4532 126 179 179
trop 7604 4516 127 179 179
stand 7656 4536 726 0 179
stand 7656 4520 726 0 179
stand 7688 4536 726 0 179
stand 7688 4520 726 0 179
fre 7716 4516 50 179 179
fre 7724 4540 52 179 179
fre 7724 4524 52 179 179
fre 7860 4524 136 179 179
tree 7960 4520 113 0 179
trop 1956 4564 253 179 179
fre 7292 4572 50 179 179
trop 7316 4548 127 179 179
trop 7324 4572 127 179 179
stand 7352 4552 725 0 179
trop 7340 4548 127 179 179
trop 7388 4556 127 179 179
trop 7412 4572 127 179 179
stand 7448 4552 724 0 179
stand 7496 4552 724 0 179
stand 7544 4552 724 0 179
trop 7556 4564 127 179 179
trop 7612 4556 127 179 179
stand 7608 4552 576 0 179
stand 7656 4552 726 0 179
stand 7688 4552 726 0 179
trop 7700 4556 126 179 179
trop 7692 4572 126 179 179
fre 7732 4564 57 179 179
fre 7732 4572 57 179 179
fre 7836 4548 85 179 179
fre 7900 4572 98 179 179
tree 7912 4568 112 0 179
tree 7992 4568 107 0 179
trop 1956 4596 245 179 179
fre 7076 4588 241 179 179
tree 7208 4584 52 0 179
fre 7236 4596 85 179 179
stand 7336 4600 725 0 179
trop 7356 4588 127 179 179
trop 7340 4588 126 179 179
trop 7356 4604 127 179 179
trop 7348 4588 126 179 179
stand 7384 4600 725 0 179
trop 7380 4580 126 179 179
trop 7428 4580 127 179 179
stand 7480 4584 724 0 179
stand 7528 4584 724 0 179
trop 7588 4588 127 179 179
tree 7912 4584 106 0 179
fre 8020 4580 136 179 179
trop 1956 4628 253 179 179
cliff 2736 4608 116 179 179
cliff 2768 4624 108 179 179
cliff 2752 4608 102 179 179
trop 7356 4612 126 179 179
trop 7348 4620 127 179 179
trop 7364 4636 127 179 179
trop 7380 4612 126 179 179
stand 7480 4616 724 0 179
fre 7476 4636 73 179 179
stand 7528 4616 724 0 179
fre 7540 4628 72 179 179
stand 7576 4616 724 0 179
stand 7640 4616 576 0 179
tree 7896 4632 109 0 179
trop 1956 4660 253 179 179
cliff 2640 4656 122 179 179
cliff 2624 4656 116 179 179
cliff 2672 4656 122 179 179
cliff 2720 4640 109 179 179
cliff 2800 4656 108 179 179
cliff 2784 4640 104 179 179
cliff 2960 4656 101 179 179
cliff 2944 4656 117 179 179
fre 7068 4660 87 179 179
tree 7176 4664 58 0 179
stand 7320 4648 725 0 179
trop 7348 4652 126 179 179
fre 7332 4668 72 179 179
stand 7368 4648 725 0 179
stand 7448 4648 724 0 179
stand 7496 4648 724 0 179
fre 7604 4652 50 179 179
fre 7660 4660 57 179 179
fre 7972 4660 97 179 179
trop 1956 4692 253 179 179
cliff 2624 4672 118 179 179
cliff 2832 4688 107 179 179
cliff 2816 4672 102 179 179
cliff 2928 4688 115 179 179
cliff 2992 4688 124 179 179
cliff 2976 4672 106 179 179
cliff 3024 4688 104 179 179
cliff 3152 4672 116 179 179
dom 5504 4672 299 0 179
fre 7188 4684 85 179 179
fre 7564 4692 57 179 179
fre 7604 4676 57 179 179
fre 7596 4684 52 179 179
fre 7588 4692 52 179 179
fre 7620 4700 52 179 179
fre 7668 4700 52 179 179
fre 7716 4684 57 179 179
fre 7804 4700 85 179 179
tree 7880 4696 41 0 179
trop 1956 4724 245 179 179
cliff 2624 4704 125 179 179
cliff 2848 4704 124 179 179
cliff 2880 4704 121 179 179
cliff 3056 4720 121 179 179
cliff 3040 4704 105 179 179
cliff 3088 4720 122 179 179
cliff 3136 4704 110 179 179
tree 7288 4728 43 0 179
fre 7316 4732 251 179 179
fre 7540 4708 52 179 179
fre 7620 4708 57 179 179
tree 7816 4712 108 0 179
trop 1956 4756 245 179 179
cliff 2624 4736 119 179 179
tree 7832 4760 56 0 179
tree 7832 4744 48 0 179
fre 7860 4740 102 179 179
trop 1956 4788 253 179 179
cliff 2608 4784 111 179 179
tree 7016 4792 40 0 179
tree 7192 4792 103 0 179
fre 7484 4796 87 179 179
fre 7572 4796 100 179 179
tree 7608 4792 51 0 179
fre 7652 4772 103 179 179
tree 7944 4776 109 0 179
tree 7960 4792 109 0 179
fre 8036 4788 96 179 179
trop 1956 4820 245 179 179
cliff 2544 4800 116 179 179
cliff 2544 4816 120 179 179
cliff 2560 4800 122 179 179
dom 5600 4800 298 0 179
tree 7016 4824 36 0 179
tree 7016 4808 48 0 179
fre 7068 4812 85 179 179
tree 7048 4808 56 0 179
fre 7220 4820 84 179 179
tree 7368 4824 59 0 179
trop 1956 4852 245 179 179
cliff 2544 4848 125 179 179
tree 7032 4840 40 0 179
tree 7048 4840 2 0 179
tree 7064 4840 107 0 179
tree 7208 4856 48 0 179
tree 7224 4856 108 0 179
tree 7240 4856 113 0 179
tree 7320 4856 18 0 179
tree 7672 4840 43 0 179
fre 7764 4852 83 179 179
tree 7832 4856 36 0 179
trop 1956 4884 253 179 179
cliff 2544 4880 120 179 179
dom 5248 4864 310 0 179
tree 7064 4872 48 0 179
tree 7080 4888 48 0 179
tree 7112 4888 40 0 179
tree 7192 4888 109 0 179
tree 7176 4872 40 0 179
tree 7224 4888 113 0 179
fre 7348 4884 236 179 179
tree 7672 4888 19 0 179
tree 7848 4872 48 0 179
tree 7864 4888 106 0 179
tree 7896 4888 48 0 179
tree 7928 4888 107 0 179
tree 7960 4888 34 0 179
fre 7980 4876 251 179 179
tree 7976 4888 37 0 179
trop 1956 4916 245 179 179
tree 7096 4904 34 0 179
tree 7128 4920 112 0 179
fre 7156 4924 230 179 179
tree 7144 4920 109 0 179
tree 7144 4904 110 0 179
tree 7192 4904 2 0 179
tree 7256 4920 36 0 179
tree 7240 4904 2 0 179
fre 7476 4924 237 179 179
fre 7668 4924 103 179 179
tree 7912 4920 108 0 179
tree 7992 4904 48 0 179
trop 1956 4948 245 179 179
cliff 2528 4928 113 179 179
tree 7176 4952 113 0 179
tree 7256 4952 106 0 179
tree 7912 4936 109 0 179
tree 7928 4936 108 0 179
tree 7944 4952 38 0 179
trop 1956 4980 245 179 179
tree 7208 4984 36 0 179
tree 7240 4984 111 0 179
tree 7256 4984 106 0 179
fre 7300 4980 87 179 179
tree 7304 4968 108 0 179
fre 7620 4964 87 179 179
tree 7928 4968 106 0 179
tree 7944 4984 108 0 179
trop 1956 5012 253 179 179
cliff 3312 5008 7 179 179
fre 7076 5020 124 179 179
tree 7224 5000 105 0 179
tree 7256 5016 107 0 179
tree 7240 5000 48 0 179
fre 7404 4996 124 179 179
tree 7448 5016 112 0 179
tree 7816 5016 109 0 179
fre 7908 5004 84 179 179
tree 7960 5016 48 0 179
tree 7976 5016 106 0 179
fre 8004 4996 250 179 179
trop 1956 5044 253 179 179
cliff 3248 5040 14 179 179
cliff 3280 5024 1 179 179
tree 7368 5032 56 0 179
tree 7640 5048 109 0 179
tree 7736 5048 108 0 179
tree 7720 5032 108 0 179
tree 7832 5048 108 0 179
tree 7816 5032 37 0 179
tree 7896 5048 110 0 179
tree 7912 5048 113 0 179
tree 7992 5032 107 0 179
tree 7992 5048 111 0 179
trop 1956 5076 253 179 179
cliff 3264 5072 34 179 179
tree 7224 5064 48 0 179
tree 7400 5080 111 0 179
fre 7596 5068 236 179 179
tree 7688 5080 113 0 179
fre 7756 5084 124 179 179
tree 7832 5064 37 0 179
tree 7848 5080 111 0 179
fre 7956 5068 104 179 179
trop 1956 5108 245 179 179
cliff 3280 5088 28 179 179
cliff 3296 5104 36 179 179
fre 7044 5116 87 179 179
tree 7320 5112 40 0 179
tree 7336 5112 48 0 179
fre 7532 5116 98 179 179
tree 7704 5096 112 0 179
tree 7864 5112 107 0 179
tree 7880 5096 41 0 179
trop 1956 5140 253 179 179
cliff 3312 5120 31 179 179
cliff 3328 5136 34 179 179
tree 7128 5144 113 0 179
fre 7276 5148 87 179 179
tree 7288 5128 37 0 179
tree 7304 5128 41 0 179
tree 7320 5128 111 0 179
tree 7720 5144 111 0 179
tree 7768 5128 2 0 179
tree 7848 5128 37 0 179
tree 7896 5144 106 0 179
trop 1956 5172 245 179 179
cliff 3344 5152 32 179 179
tree 7256 5160 108 0 179
tree 7256 5176 34 0 179
fre 7356 5156 225 179 179
fre 7652 5156 110 179 179
tree 7768 5160 112 0 179
tree 7768 5176 34 0 179
tree 7800 5176 105 0 179
tree 7864 5176 34 0 179
fre 7892 5172 98 179 179
tree 7912 5176 108 0 179
fre 7996 5164 237 179 179
trop 1956 5204 245 179 179
cliff 3328 5200 2 179 179
cliff 3360 5184 6 179 179
dom 5696 5184 314 0 179
tree 7208 5208 38 0 179
tree 7240 5192 113 0 179
tree 7256 5192 106 0 179
tree 7736 5208 110 0 179
tree 7784 5192 40 0 179
tree 7800 5192 111 0 179
tree 7864 5192 111 0 179
tree 7864 5208 37 0 179
tree 7880 5208 2 0 179
tree 7928 5192 106 0 179
tree 7912 5208 109 0 179
tree 7912 5192 106 0 179
trop 1956 5236 245 179 179
cliff 3264 5216 16 179 179
cliff 3312 5232 6 179 179
dom 5568 5216 311 0 179
fre 7204 5236 230 179 179
tree 7224 5224 38 0 179
tree 7208 5224 48 0 179
tree 7240 5240 105 0 179
fre 7452 5228 89 179 179
fre 7588 5228 232 179 179
fre 7764 5244 98 179 179
tree 7784 5240 111 0 179
tree 7784 5224 107 0 179
tree 7832 5224 112 0 179
tree 7848 5224 109 0 179
tree 7864 5240 41 0 179
tree 7896 5240 34 0 179
tree 7880 5224 111 0 179
tree 7896 5224 106 0 179
trop 1956 5268 253 179 179
cliff 2688 5248 17 179 179
cliff 2720 5248 17 179 179
cliff 2752 5264 24 179 179
cliff 3232 5264 34 179 179
cliff 3248 5248 0 179 179
tree 7256 5256 113 0 179
tree 7864 5272 38 0 179
tree 7896 5256 34 0 179
fre 7988 5252 241 179 179
fre 8028 5252 241 179 179
trop 1956 5300 253 179 179
cliff 2672 5280 4 179 179
cliff 2768 5280 23 179 179
cliff 2784 5296 27 179 179
cliff 3248 5296 11 179 179
cliff 3248 5280 31 179 179
tree 7336 5288 2 0 179
tree 7336 5304 56 0 179
tree 7704 5288 112 0 179
tree 7864 5288 112 0 179
fre 7940 5292 237 179 179
trop 1956 5332 245 179 179
cliff 2800 5312 22 179 179
cliff 2816 5328 25 179 179
cliff 3248 5328 11 179 179
fre 7028 5340 230 179 179
fre 7156 5324 124 179 179
tree 7352 5320 108 0 179
tree 7336 5336 112 0 179
fre 7364 5324 95 179 179
tree 7368 5336 105 0 179
fre 7644 5324 100 179 179
tree 7816 5320 111 0 179
tree 7928 5320 56 0 179
tree 7928 5336 111 0 179
tree 7912 5336 111 0 179
fre 8020 5324 241 179 179
trop 1956 5364 245 179 179
cliff 2832 5344 19 179 179
cliff 2848 5344 54 179 179
cliff 2880 5344 17 179 179
cliff 2912 5360 24 179 179
cliff 3120 5360 17 179 179
cliff 3152 5360 18 179 179
cliff 3248 5360 11 179 179
tree 7256 5352 40 0 179
fre 7332 5364 87 179 179
tree 7352 5352 56 0 179
tree 7368 5352 38 0 179
tree 7384 5368 109 0 179
tree 7368 5368 105 0 179
fre 7508 5348 88 179 179
fre 7884 5372 83 179 179
tree 7928 5352 40 0 179
tree 7912 5368 37 0 179
tree 7912 5352 37 0 179
trop 1956 5396 253 179 179
cliff 2928 5376 23 179 179
cliff 2944 5392 27 179 179
cliff 3104 5392 3 179 179
cliff 3184 5376 26 179 179
cliff 3200 5392 22 179 179
cliff 3216 5392 54 179 179
tree 7912 5384 107 0 179
tree 7912 5400 113 0 179
trop 1956 5428 253 179 179
cliff 2960 5408 23 179 179
cliff 2976 5408 17 179 179
cliff 3008 5408 54 179 179
cliff 3040 5408 17 179 179
cliff 3088 5424 10 179 179
cliff 3264 5408 6 179 179
tree 7896 5416 107 0 179
trop 1956 5460 253 179 179
fre 7508 5452 98 179 179
fre 7684 5444 99 179 179
tree 7832 5464 41 0 179
tree 7832 5448 36 0 179
tree 7816 5448 109 0 179
trop 1956 5492 253 179 179
fre 7116 5492 125 179 179
tree 7400 5480 112 0 179
tree 7576 5496 2 0 179
tree 7672 5496 41 0 179
tree 7688 5480 2 0 179
fre 7836 5476 87 179 179
fre 7988 5492 230 179 179
trop 1956 5524 245 179 179
fre 7340 5508 100 179 179
tree 7576 5528 107 0 179
tree 7816 5528 108 0 179
trop 1956 5556 253 179 179
tree 7416 5544 34 0 179
tree 7432 5544 48 0 179
tree 7576 5544 113 0 179
fre 7620 5548 230 179 179
tree 7736 5560 107 0 179
tree 7816 5544 111 0 179
trop 1956 5588 253 179 179
fre 7028 5572 225 179 179
fre 7212 5572 88 179 179
tree 7272 5592 34 0 179
tree 7464 5592 37 0 179
fre 7668 5572 98 179 179
tree 7656 5592 105 0 179
fre 7796 5596 105 179 179
trop 1956 5620 253 179 179
fre 7324 5612 110 179 179
fre 7564 5604 87 179 179
tree 7640 5608 41 0 179
tree 7656 5624 37 0 179
tree 7736 5608 37 0 179
tree 7752 5608 110 0 179
fre 7996 5612 101 179 179
trop 1956 5652 245 179 179
tree 7256 5640 106 0 179
tree 7672 5640 111 0 179
tree 7688 5656 36 0 179
fre 7860 5660 103 179 179
trop 1956 5684 245 179 179
fre 7100 5684 124 179 179
fre 7220 5684 123 179 179
fre 7484 5668 105 179 179
tree 7672 5688 113 0 179
trop 1956 5716 253 179 179
tree 7320 5704 38 0 179
tree 7304 5704 107 0 179
tree 7672 5720 108 0 179
tree 7688 5704 106 0 179
trop 1956 5748 253 179 179
fre 7276 5740 103 179 179
fre 7380 5732 83 179 179
tree 7384 5736 111 0 179
tree 7384 5752 38 0 179
fre 7764 5740 101 179 179
fre 7964 5756 102 179 179
trop 1956 5780 253 179 179
tree 7352 5784 56 0 179
tree 7336 5768 48 0 179
tree 7416 5784 112 0 179
tree 7432 5784 105 0 179
tree 7448 5784 113 0 179
fre 7604 5780 84 179 179
trop 1956 5812 253 179 179
tree 7352 5800 106 0 179
tree 7496 5816 110 0 179
tree 7544 5816 109 0 179
fre 7860 5820 105 179 179
trop 1956 5844 245 179 179
fre 7268 5836 100 179 179
tree 7448 5848 113 0 179
tree 7432 5848 40 0 179
tree 7512 5848 113 0 179
tree 7496 5832 108 0 179
tree 7544 5832 108 0 179
tree 7528 5832 2 0 179
tree 7528 5848 48 0 179
tree 7672 5832 2 0 179
fre 7692 5828 104 179 179
trop 1956 5876 253 179 179
fre 7564 5868 102 179 179
fre 7932 5860 230 179 179
trop 1956 5908 245 179 179
trop 1956 5940 253 179 179
fre 7452 5948 124 179 179
tree 7512 5944 105 0 179
fre 7772 5948 102 179 179
fre 8020 5948 88 179 179
trop 1956 5972 245 179 179
fre 7204 5972 237 179 179
fre 7308 5980 83 179 179
tree 7704 5960 41 0 179
fre 7916 5956 106 179 179
trop 1956 6004 245 179 179
tree 7496 6008 36 0 179
trop 1956 6036 245 179 179
fre 7684 6028 87 179 179
tree 7800 6024 109 0 179
trop 148 6052 132 179 179
trop 180 6052 132 179 179
trop 212 6052 132 179 179
trop 244 6052 132 179 179
trop 276 6052 132 179 179
trop 308 6052 132 179 179
trop 340 6052 132 179 179
trop 372 6052 132 179 179
trop 404 6052 132 179 179
trop 436 6052 132 179 179
trop 468 6052 132 179 179
trop 500 6052 132 179 179
trop 532 6052 132 179 179
trop 564 6052 132 179 179
trop 596 6052 132 179 179
trop 628 6052 132 179 179
trop 660 6052 132 179 179
trop 692 6052 132 179 179
trop 724 6052 132 179 179
trop 756 6052 132 179 179
trop 788 6052 132 179 179
trop 820 6052 132 179 179
trop 852 6052 132 179 179
trop 884 6052 132 179 179
trop 916 6052 132 179 179
trop 948 6052 132 179 179
trop 980 6052 132 179 179
trop 1012 6052 132 179 179
trop 1044 6052 132 179 179
trop 1076 6052 132 179 179
trop 1108 6052 132 179 179
trop 1140 6052 132 179 179
trop 1172 6052 132 179 179
trop 1204 6052 132 179 179
trop 1236 6052 132 179 179
trop 1268 6052 132 179 179
trop 1300 6052 132 179 179
trop 1332 6052 132 179 179
trop 1364 6052 132 179 179
trop 1396 6052 132 179 179
trop 1428 6052 132 179 179
trop 1460 6052 132 179 179
trop 1492 6052 132 179 179
trop 1524 6052 132 179 179
trop 1556 6052 132 179 179
trop 1588 6052 132 179 179
trop 1620 6052 132 179 179
trop 1652 6052 132 179 179
trop 1684 6052 132 179 179
trop 1716 6052 132 179 179
trop 1748 6052 132 179 179
trop 1780 6052 132 179 179
trop 1812 6052 132 179 179
trop 1844 6052 132 179 179
trop 1876 6052 132 179 179
trop 1908 6052 132 179 179
trop 1940 6052 132 179 179
trop 1972 6052 132 179 179
trop 2004 6052 132 179 179
trop 2036 6052 132 179 179
trop 2068 6052 132 179 179
trop 2100 6052 132 179 179
trop 2132 6052 132 179 179
trop 2164 6052 132 179 179
trop 2196 6052 132 179 179
trop 2228 6052 132 179 179
trop 2260 6052 132 179 179
trop 2292 6052 132 179 179
trop 2324 6052 132 179 179
trop 2356 6052 132 179 179
trop 2388 6052 132 179 179
trop 2420 6052 132 179 179
trop 2452 6052 132 179 179
trop 2484 6052 132 179 179
trop 2516 6052 132 179 179
trop 2548 6052 132 179 179
trop 2580 6052 132 179 179
trop 2612 6052 132 179 179
trop 2644 6052 132 179 179
trop 2676 6052 132 179 179
trop 2708 6052 132 179 179
trop 2740 6052 132 179 179
trop 2772 6052 132 179 179
trop 2804 6052 132 179 179
trop 2836 6052 132 179 179
trop 2868 6052 132 179 179
trop 2900 6052 132 179 179
trop 2932 6052 132 179 179
trop 2964 6052 132 179 179
trop 2996 6052 132 179 179
trop 3028 6052 132 179 179
trop 3060 6052 132 179 179
trop 3092 6052 132 179 179
trop 3124 6052 132 179 179
trop 3156 6052 132 179 179
trop 3188 6052 132 179 179
trop 3220 6052 132 179 179
trop 3252 6052 132 179 179
trop 3284 6052 132 179 179
trop 3316 6052 132 179 179
trop 3348 6052 132 179 179
trop 3380 6052 132 179 179
trop 3412 6052 132 179 179
trop 3444 6052 132 179 179
trop 3476 6052 132 179 179
trop 3508 6052 132 179 179
trop 3540 6052 132 179 179
trop 3572 6052 132 179 179
trop 3604 6052 132 179 179
trop 3636 6052 132 179 179
trop 3668 6052 132 179 179
trop 3700 6052 132 179 179
trop 3732 6052 132 179 179
trop 3764 6052 132 179 179
trop 3796 6052 132 179 179
trop 3828 6052 132 179 179
trop 3860 6052 132 179 179
trop 3892 6052 132 179 179
trop 3924 6052 132 179 179
trop 3956 6052 132 179 179
trop 3988 6052 132 179 179
trop 4020 6052 132 179 179
trop 4052 6052 132 179 179
trop 4084 6052 132 179 179
trop 4116 6052 132 179 179
trop 4148 6052 132 179 179
trop 4180 6052 132 179 179
trop 4212 6052 132 179 179
trop 4244 6052 132 179 179
trop 4276 6052 132 179 179
trop 4308 6052 132 179 179
trop 4340 6052 132 179 179
trop 4372 6052 132 179 179
trop 4404 6052 132 179 179
trop 4436 6052 132 179 179
trop 4468 6052 132 179 179
trop 4500 6052 132 179 179
trop 4532 6052 132 179 179
trop 4564 6052 132 179 179
trop 4596 6052 132 179 179
trop 4628 6052 132 179 179
trop 4660 6052 132 179 179
trop 4692 6052 132 179 179
trop 4724 6052 132 179 179
trop 4756 6052 132 179 179
trop 4788 6052 132 179 179
trop 4820 6052 132 179 179
trop 4852 6052 132 179 179
trop 4884 6052 132 179 179
trop 4916 6052 132 179 179
trop 4948 6052 132 179 179
trop 4980 6052 132 179 179
trop 5012 6052 132 179 179
trop 5044 6052 132 179 179
trop 5076 6052 132 179 179
trop 5108 6052 132 179 179
trop 5140 6052 132 179 179
trop 5172 6052 132 179 179
trop 5204 6052 132 179 179
trop 5236 6052 132 179 179
trop 5268 6052 132 179 179
trop 5300 6052 132 179 179
trop 5332 6052 132 179 179
trop 5364 6052 132 179 179
trop 5396 6052 132 179 179
trop 5428 6052 132 179 179
trop 5460 6052 132 179 179
trop 5492 6052 132 179 179
trop 5524 6052 132 179 179
trop 5556 6052 132 179 179
trop 5588 6052 132 179 179
trop 5620 6052 132 179 179
trop 5652 6052 132 179 179
trop 5684 6052 132 179 179
trop 5716 6052 132 179 179
trop 5748 6052 132 179 179
trop 5780 6052 132 179 179
trop 5812 6052 132 179 179
trop 5844 6052 132 179 179
trop 5876 6052 132 179 179
trop 5908 6052 132 179 179
trop 5940 6052 132 179 179
trop 5972 6052 132 179 179
trop 6004 6052 132 179 179
trop 6036 6052 132 179 179
trop 6068 6052 132 179 179
trop 6100 6052 132 179 179
trop 6132 6052 132 179 179
trop 6164 6052 132 179 179
trop 6196 6052 132 179 179
trop 6228 6052 132 179 179
trop 6260 6052 132 179 179
trop 6292 6052 132 179 179
trop 6324 6052 132 179 179
trop 6356 6052 132 179 179
trop 6388 6052 132 179 179
trop 6420 6052 132 179 179
trop 6452 6052 132 179 179
trop 6484 6052 132 179 179
trop 6516 6052 132 179 179
trop 6548 6052 132 179 179
trop 6580 6052 132 179 179
trop 6612 6052 132 179 179
tree 7208 6088 37 0 179
tree 7208 6104 107 0 179
fre 7252 6084 100 179 179
fre 7588 6092 84 179 179
fre 8004 6108 101 179 179
fre 7092 6140 251 179 179
tree 7224 6120 37 0 179
tree 7256 6136 110 0 179
fre 7468 6140 99 179 179
tree 7464 6120 37 0 179
tree 7672 6136 37 0 179
tree 7272 6152 40 0 179
fre 7844 6148 83 179 179
tree 7896 6168 107 0 179
fre 7316 6180 237 179 179
tree 7320 6200 113 0 179
fre 7732 6196 100 179 179
tree 7320 6216 110 0 179
tree 7336 6216 113 0 179
fre 7236 6252 102 179 179
tree 7368 6248 48 0 179
fre 7436 6252 105 179 179
fre 7620 6244 102 179 179
tree 7672 6264 108 0 179
fre 7988 6260 230 179 179
fre 7004 6284 250 179 179
fre 7100 6276 250 179 179
fre 7740 6300 104 179 179
fre 7372 6332 104 179 179
tree 7384 6328 34 0 179
fre 7580 6324 99 179 179
tree 7864 6312 108 0 179
fre 7916 6364 124 179 179
tree 7192 6392 34 0 179
fre 7228 6388 237 179 179
fre 7484 6372 106 179 179
tree 7880 6392 48 0 179
fre 7140 6420 87 179 179
tree 7720 6424 111 0 179
fre 7012 6444 250 179 179
fre 7388 6452 100 179 179
tree 7832 6456 38 0 179
fre 7876 6460 87 179 179
fre 8004 6444 232 179 179
tree 7352 6472 112 0 179
tree 7544 6488 109 0 179
fre 7708 6476 84 179 179
tree 7720 6472 48 0 179
tree 7720 6488 109 0 179
fre 7388 6524 248 179 179
fre 7596 6524 87 179 179
fre 7268 6556 104 179 179
tree 7512 6536 113 0 179
fre 7812 6556 106 179 179
fre 7148 6588 99 179 179
tree 7368 6568 34 0 179
tree 7448 6568 56 0 179
fre 7980 6580 230 179 179
fre 7436 6604 83 179 179
fre 7372 6644 98 179 179
fre 7892 6652 103 179 179
fre 7684 6708 82 179 179
tree 7880 6712 105 0 179
fre 8012 6716 105 179 179
fre 7156 6740 87 179 179
fre 7204 6724 246 179 179
fre 7324 6732 124 179 179
tree 7592 6728 40 0 179
fre 7804 6724 81 179 179
tree 7848 6744 108 0 179
fre 7620 6756 87 179 179
tree 7848 6776 34 0 179
fre 7052 6796 88 179 179
tree 7848 6792 34 0 179
fre 7500 6828 81 179 179
fre 7236 6876 103 179 179
tree 7592 6856 56 0 179
tree 7736 6872 37 0 179
fre 7812 6876 251 179 179
fre 7988 6860 101 179 179
fre 7420 6908 251 179 179
fre 7124 6932 88 179 179
fre 7268 6932 240 179 179
fre 7012 6956 88 179 179
fre 7276 6980 110 179 179
fre 7636 6980 87 179 179
fre 7716 6980 83 179 179
fre 7828 6996 250 179 179
tree 7688 7032 105 0 179
fre 7980 7012 251 179 179
fre 7372 7044 110 179 179
fre 7236 7092 99 179 179
fre 7292 7076 241 179 179
fre 7508 7100 124 179 179
fre 7796 7092 241 179 179
fre 7444 7132 241 179 179
fre 7668 7124 237 179 179
fre 7748 7164 120 179 179
fre 7916 7140 124 179 179
fre 7236 7228 237 179 179
fre 7380 7220 83 179 179
fre 7620 7228 120 179 179
fre 7852 7252 119 179 179
fre 8020 7252 249 179 179
fre 7212 7316 87 179 179
fre 7356 7308 87 179 179
fre 7572 7324 87 179 179
fre 7604 7308 120 179 179
fre 7724 7308 119 179 179
fre 7972 7324 120 179 179
fre 7940 7348 87 179 179
fre 7844 7388 119 179 179
fre 7572 7396 98 179 179
fre 7932 7420 241 179 179
fre 7188 7460 83 179 179
fre 7372 7468 87 179 179
fre 7732 7476 119 179 179
fre 8004 7476 120 179 179
fre 7524 7492 100 179 179
tree 7896 7496 107 0 179
fre 7364 7548 98 179 179
tree 7448 7528 106 0 179
fre 7868 7524 83 179 179
fre 7156 7556 87 179 179
tree 7256 7560 48 0 179
fre 7740 7572 98 179 179
fre 7524 7596 102 179 179
fre 7996 7612 110 179 179
fre 7044 7628 120 179 179
tree 7512 7640 105 0 179
fre 7692 7644 99 179 179
fre 7356 7692 88 179 179
fre 7468 7700 271 179 179
fre 7572 7700 240 179 179
fre 7620 7708 72 179 179
fre 7892 7684 100 179 179
fre 7116 7748 84 179 179
fre 7692 7772 98 179 179
fre 7988 7748 110 179 179
tree 7224 7784 113 0 179
fre 7292 7796 241 179 179
fre 7420 7796 88 179 179
tree 7432 7784 56 0 179
fre 7932 7788 241 179 179
fre 7028 7828 241 179 179
fre 7252 7828 87 179 179
fre 7580 7820 88 179 179
tree 7784 7832 111 0 179
fre 7876 7812 119 179 179
fre 8020 7828 121 179 179
fre 7436 7900 98 179 179
fre 7132 7916 83 179 179
fre 7740 7916 124 179 179
fre 7988 7924 102 179 179
fre 7532 7964 110 179 179
fre 7972 7948 87 179 179
fre 7348 7996 82 179 179
fre 7868 7980 102 179 179
fre 7252 8004 120 179 179
fre 7420 8012 81 179 179
fre 7660 8012 119 179 179
